Boss 236 1 188 160
bullet1 281 379 15 4
bullet2 298 379 15 4
Coin1 319 280 24 24
Coin2 319 306 22 24
Coin3 319 358 12 24
Coin4 503 92 4 24
Coin5 205 370 12 24
Coin6 319 332 22 24
Enemy 205 528 67 56
Explosion1 341 390 61 69
Explosion2 346 163 68 76
Explosion3 426 92 75 83
Explosion4 426 1 82 89
Explosion5 416 177 89 97
Explosion6 412 276 96 103
Explosion7 223 280 94 97
Explosion8 236 163 108 115
Explosion9 1 259 113 109
Explosion10 116 259 105 109
Explosion11 409 381 90 93
Explosion12 343 316 64 72
Explosion13 346 241 64 73
Explosion14 219 379 60 74
Explosion15 281 385 58 59
Helicopter1 1 370 100 71
Helicopter2 103 370 100 71
Helicopter3 1 443 100 71
Helicopter4 103 443 100 71
Helicopter5 205 455 100 71
Helicopter6 307 461 100 71
Helicopter7 409 476 100 71
Helicopter8 1 516 100 71
Helicopter9 103 516 100 71
Rock 1 1 233 256
